#include <stdio.h>
#include <stdlib.h>
#include <math.h>

void main()
{
int i=0,j=0,k=0;
float sum=0.0,z=0.0;
float bias1[20]={4,2,2,2,2,2,2,2,2,2,2,2,2,2,2,2,2,2,2,2};
//float layer1[2][20]={{1,2,2,2,2,2,2,2,2,2,2,2,2,2,2,2,2,2,2,2},{1,2,2,2,2,2,2,2,2,2,2,2,2,2,2,2,2,2,2,2}};

float layer1[20][160]={{0.45631560005456206,1.0768700117160754,-0.18301399774690411,-0.28897060682216819,-0.13682902011623199,-0.14967519112757749,-0.11486382099318336,-0.05654203147498009,-1.5953561849841833,0.014211262159827261,-0.029583837209874793,-0.12411765312175038,-0.10753673470339811,0.10765932241716213,-0.18234483020667872,0.10255812417391094,1.0026176751281886,0.021487035413385286,-0.031060798790426933,-0.11052859016724786,0.041568598214314571,1.2882666377156078,-0.069603594451527181,-0.91215186665544845,-1.8414421929156048,0.80471518101701378,-0.15192018721827225,-0.63560308884964922,-0.12087896071786411,0.25050882034976235,-0.14704994091595178,-0.028883424951979063,-1.363229222134438,-0.034507567433492023,0.80877773582464751,-0.35841731770961816,0.060184541904524581,3.2086389600920766,1.9283686681822338,0.32872705768709509,-0.70965834658845839,0.090856360382571,-0.080382032843915097,3.7116482438478493,-0.42458466687520119,-0.19823519819950799,1.6615834632923796,-0.075560283956285446,-0.077697940786949235,-0.13823130634124542,-0.17596540100031946,0.065473788750426684,-0.55130195329723541,0.622766088650199,0.22644832842409682,-0.1650852004637855,0.02713532576487335,-0.12933681734246574,0.49501497383361787,0.26216962911634883,-0.14559003556008104,-0.03146511213612678,0.61961526197814032,-0.031419977255165855,-0.16476732376596032,0.013142095752302161,1.6017368983016873,1.850762833227813,0.1303977049942063,1.7960859718066966,-0.11471076223446854,-0.14728971336515204,-0.1320651654007815,0.90547510837894907,-2.2200054414140262,-0.13568415562184191,0.53986230560737414,-0.055734706496761557,0.038955325849899677,0.82645969684519649,0.14033286131549871,0.47004962191209382,0.3344126022975214,-0.38116890567046036,-1.7274186360239367,0.14493859353898128,-0.2516427407895524,0.17018340007289326,0.059837851713532085,0.63853877897178568,0.67512801118138677,4.2387877737112847,-0.018337756135863238,0.028699358389321205,-0.18693651248668258,-0.096277510736063873,0.2174434487796981,-0.33856738758186161,-1.1465495276549833,-1.1858289138648985,-1.0461122880163898,0.0049565159734725698,0.1412979348386933,0.70838157854496442,0.13408465162777325,0.20208798415151019,-0.35311488284637477,0.41290916402604533,0.069889603285772456,0.13912134335479664,-0.1199599877381603,-0.13626955171324145,2.7618604736725709,1.1219727921672451,-2.1068749368251969,0.093528023567869031,0.50226669146735947,1.321358779673613,0.077441698158097802,-0.1375588131659341,-0.29427920753278825,-0.17345972160842538,-0.78065993691564628,-0.26079445262615869,-0.075116004389750274,0.014216508665072796,2.8381515452150952,0.091710317171320416,-0.93879039162125599,-0.20032046910654663,1.5441885034025797,0.12171886509373998,0.022343879973013139,-0.17622888008848958,0.11006515192429604,-0.1214307379030686,0.11243481858156583,-0.031974821016939874,0.15819885712731668,0.090474135459398752,0.020590210116683987,-0.13516210174089963,-0.18505192853178595,1.1571234789983367,-3.9125233707873122,-0.36649333043280186,-0.89288336797198153,-0.13119036930222863,0.021863088411638795,-0.17845897992370591,-0.15670524269220626,0.17107535183642911,0.058676084943035535,-1.037526091664569,-0.090676453455877604,-0.31230129326938694,-0.11150684366526877,0.13865609641371351,0.099825281119236345,0.18870312278810672},{-0.50758921700871529,0.1690455664900691,0.043917197190122152,-0.12348263510858679,-0.16418160825856054,-0.17746278897913351,-0.15741994259577574,-0.0049992152410552933,-0.64709089943706166,0.025207319668810065,-0.066865766737828403,-0.083119433951231919,0.029498304738415221,-0.070750467522009905,0.0089405247698811988,0.11539352891124173,-0.085386826221068593,-0.086065710588384553,-0.7351302992480202,-0.047563700799449021,-0.030418395044099149,1.1967359323634639,0.089230207808573006,-0.2028747538803804,-0.92154172474495566,0.75648225322097107,-0.11223730926180756,0.91458593198621974,0.0090320898840206051,-1.8438609862317203,-0.086659832030454173,-0.15890674180227773,-0.92426100949998358,0.024788581504116981,1.3276862043903561,0.12562927256465015,-0.12635446142442466,-3.1659656846884876,1.6410576617432808,-0.29382677757326503,0.16897706802438836,0.020741397500410676,0.15215836528930432,-2.6089623732629716,-0.37739962788334774,0.28830136118060717,1.518354485674634,0.018140075926341589,0.15603002514467804,0.14777692042335611,-0.038487272628678147,0.16960585194962083,0.27972027243968817,1.0987923343822488,4.8498824032071317,0.0090970783942778462,-0.17517538772443098,0.16400715502997726,0.69104122432973591,-0.72969952758990986,-0.11854835339747656,-0.061483497572602505,0.62028821095621867,0.11330817686669065,-0.056843734775427604,0.16112851764946712,2.1471806309441974,0.78141465766106655,0.091358853738445073,0.09190568950310718,0.053538771588615017,0.0031844812730553169,0.10932228134859788,-1.1431355446276941,1.0565692802323363,0.02459471005061379,0.82425460146005347,0.034224641332373185,0.024356065187842998,-0.94986337030340673,-0.067641047244911212,0.65237794964352114,-0.29287139010676411,-1.0459037310911159,-4.2724932560534592,0.041015929545537989,-0.36545400372007691,-0.029218030950772668,0.06555920394747515,0.69904010169788733,0.099625440678480753,-3.7360913028467859,-0.045185396140871872,0.17345771723223347,-0.96777694335044717,0.1203943120766925,0.38587104500715819,-0.10686689692688978,1.7452210742803125,-1.8560610227830039,-0.52477500860828852,0.12118564340779305,0.093388584735315305,1.0401671699398789,0.14299025055890821,-0.55262267363595052,0.76932846846157754,-1.8698504054638985,-0.043163566998375508,-0.073111811467833202,-0.036069481458520271,-0.073666461822077325,-0.94260848803244479,-0.053145222493408702,1.9731966728154473,0.065094994345022333,-1.5815830494700034,0.71337294111468552,-0.057352781269632683,0.10896906142657406,-0.0049049982926861217,0.14785128251426577,-2.1788671220443634,-0.25555759941370459,0.3739589753182565,0.12993230453806484,-0.46195510102158022,0.72488406498094093,0.62168267581904824,-0.034779566068478512,0.48947731696173935,0.84017438707605097,0.0252097190253723,-0.012554016130789047,-0.057593438168716767,-0.18012993464447313,-0.044693391535618091,-0.16349379573960501,0.21518406371010546,-0.11656527408173394,0.11417513152352712,0.13341315335466433,-0.0244405015117262,-0.40502777731992817,-1.2311583603738354,-0.27819933141894743,0.96537288460754578,-0.62211783023683498,0.033869681560980018,-0.068730217012038103,0.15241435197658182,0.14997237620701037,-0.082178985256058074,-1.3906804852153545,-0.11240994947571738,-0.21985739735840459,0.083687897423176186,0.10833972735691795,0.1556762889439573,-1.7863922876231872},{0.73264280849589269,0.16697861516268286,-0.097507954095280902,-0.35790294693107022,-0.031698683853693357,-0.01305316410185722,-0.12716098992034847,0.044594691862104921,0.55974097939672862,0.056431492825778577,-0.13013605201169332,-0.087463319238172479,-0.10135787816022782,-0.17467997385438719,0.094264908451443447,-0.13380466713835076,-3.8933187827903817,0.13653126138502863,-0.49243014978077237,0.014073552372900288,0.031072097057281756,-0.70860243469401307,0.11305835876382155,0.12068596057211192,0.29597225833747343,-0.11169863284073253,0.074509959348444482,-0.0019434858320160524,0.1096926658297773,-3.9224755305552894,0.098937574247649276,0.084838562016899766,0.17739232973862429,-0.11307366152832268,-0.45890143273548806,0.54941750975250658,0.21384436123021339,-0.11905461858581268,-0.45739565685750877,0.19198878002523365,0.20342076304187665,-0.13069975860742075,0.14692373128185957,-1.5591136492245166,-0.043886563093712978,0.18955893444964678,-0.26529012598960328,0.016867062425646367,0.0096748447336732768,-0.13797641489743739,-0.052828031417701683,-0.17345694632773345,0.035205553538228004,-0.33635054231362943,-1.0644805210063752,-0.045433459356632615,0.13265921834893654,0.070541575074994839,-0.092401787652248199,-0.31434077950973932,-0.021269525060541701,0.029866446826606722,0.32482318797658422,-0.10840340809636199,-0.092357947143827723,-0.087071226932539728,-1.9079752054076216,-0.0081656155133009549,-0.1894587958755691,-1.2055845205194058,-0.68300377735821893,0.093469992421445977,-0.07419936125325155,3.5475125105080143,-3.9022513252260027,0.11630009806245316,-0.18213579915184308,0.091476061748270915,-0.20495398528729103,0.253892242838411,0.16820430027136835,-0.071217249625317197,0.1875077653297168,-0.1624230881358289,-0.73695498765418377,0.16385292320016134,-0.26367170198502315,-0.085277668964841971,-0.15322729638562649,-0.51127333788351836,-0.059750710113489952,0.18241227775647617,0.11091839902760645,0.072050972740751618,0.076773884937281253,-0.057679396852655794,0.25633162424576561,0.40894930251095268,-0.91241603461470833,0.65498750291503305,0.57839923014975059,-0.16020574198289117,-0.17634407585197073,0.44836399453937303,-0.025775165705895348,-0.031747573633502661,-0.09425545197782273,-1.4559741005306692,-0.038496473918611447,0.059136286618562385,-0.017425151858293481,-0.025112350696272344,2.9125907951856806,0.069041794603077022,3.7624828740060208,-0.035735244725751882,-0.051122362170920824,-0.22307456181497845,0.10026861309136845,-0.13705708661574756,-0.057114853834794699,-0.17926139392357057,-3.549218940180547,-0.23737878205596963,0.12906187593088297,0.14842244534515353,1.2039390959579424,-0.17935795169766267,-0.27012569674113873,-0.16068682371336585,-0.070311810124307372,-0.14593315206055696,0.14857162208072541,0.17937834454679497,0.077294411454284936,0.055515332528670358,0.14984704868527571,-0.062338503733052962,-0.053274093767773131,-0.11956104952153021,-0.13932124274857893,0.11036556359650898,-0.31075304344159632,-0.74192138685553666,0.33252428809846113,-0.27657142070672674,-0.023845842571535669,-0.13313982831628807,0.012320884799361546,-0.067925805996912711,0.15038875737110574,-0.04885517976744206,0.20037296800936763,0.18921089672021268,0.16068149339339391,-0.40236628898146054,0.079401825652501368,0.72587267463690797,-0.21117551924910513,0.68379958452071132},{1.7283827379645049,-0.55456475489584911,0.021423596477194787,-0.19399536380470683,-0.044371736102693772,0.039659226167288592,-0.076848007578579486,-0.17963324753261983,0.056948384683484628,-0.06903248749624373,0.0063218705919470082,0.25329935025403888,-0.025542653619897528,-0.091106454030092737,-0.050345484810600992,0.19400526288282119,1.2490893194553094,0.12606323778167877,-0.015437948265020596,-0.099618899230009467,-0.22765056850135409,-0.097437946944526371,-0.070833365527939701,0.48992647198056855,-0.69162155308154305,0.034567242635264894,0.1158200035287361,-0.34023573648930489,0.073909368265019496,4.3846485855241797,0.027172480010558612,-0.055287414059908647,0.47174602925787373,-0.10945515498538497,-0.73204680792699006,-0.047333397176701909,0.064972303072463933,-0.53621537131385932,-1.7991111301632225,0.25544928025258984,-0.40646895613774814,0.034550925842058204,0.17426518765528656,-1.4254048882925652,-0.1842029834869601,-0.34887671377684021,-1.2712650005832944,-0.15912251914536812,-0.017671061082047648,-0.049654966032897645,0.17403122978250013,-0.12155521537171669,1.1000749718841984,0.91124566051668809,2.0771434949542447,0.05301703232739359,0.061775048672727532,-0.00846364917835319,-0.25234706937600515,0.23350472385654958,-0.0029026065773968884,0.084239094437746381,0.37308088805518769,-0.015594560431687721,-0.13265592561834208,-0.17906937839416576,-0.54678783094767214,0.25138681312745903,0.13973237566833555,-1.0182921997221768,0.96789203347769071,-0.0050333669859596326,0.093318755727580249,-0.30845657791476033,0.27055348955920794,-0.081937230011506587,1.1431219906339545,0.063648163416941766,0.33376386225645349,-0.30291953516744902,-0.17466637303108901,-0.94872919394493205,0.19173894974191785,0.93595338566036113,4.728268127474557,0.06839268554708125,-0.14389744463622275,0.15185900925380058,0.052852288422517636,-0.058975955706272974,-0.35194902792275701,1.6084756952376822,0.12096316261191013,0.054607103143191733,0.60245005451303379,0.028739618014458856,0.18409771758279803,0.22651618048748029,4.4298536569866958,-3.253062428285264,0.78820075233414189,-0.11967172734300273,0.090547053055347965,-0.42053615606712985,0.07363131151637356,-0.073318044235444871,-1.6332417003135324,-0.40641978379269439,-0.10482026792491846,0.055181013429319206,-0.070058430170299377,0.081604923025549309,-0.16407386131018634,-0.18475213436438456,1.359950549695544,-0.11021870061475361,-0.12382469763662869,-0.64621519431792263,-0.17330709042258968,-0.14244662202173458,-0.047656327807616319,0.10975171056014002,1.1637000066906966,-0.24211360208026869,0.5841591569437744,0.15279071836812017,-0.65826869316091219,-0.50052258399565863,0.3865925883099266,0.068559148437234735,-0.62145567975695826,0.017946144896987034,0.075437985320480724,-0.0080429961415539892,-0.13684887058911599,0.13752833980569407,-0.12453889532597347,-0.10077770483238341,-0.0095674597870171445,-0.035072807293105697,-0.12932843123924256,0.080490841400022342,-0.15349444187901537,1.3444216579462926,0.050736467036112121,-0.29297181817515544,0.11176726271914224,0.052720887091783811,0.050603493118550627,0.035559446215498162,-0.074876336958875953,0.084793848973657077,0.24126515176668845,1.7165136436039954,0.10331007692126393,-0.4996858232640613,0.12274687090694125,0.19482476188472261,0.12413740391269261,2.7454310888086537},{1.0005430063503102,0.75483134221979786,-0.04753808043173649,-0.25846553148889506,-0.05791781333431812,-0.13771186006312067,-0.10747061627426308,-0.15516225400672728,0.0085252178841114697,-0.087299509298137956,-0.052331423573678301,-0.29132014490059227,0.1080803463165456,-0.14264045146472473,0.18177653303529334,-0.093400008271439974,-1.8535459495949127,-0.16663746807999197,-0.29901235917658192,-0.1136389075917415,-0.066892681700826212,0.64017604445181253,-0.13061267766767529,-0.17371610765804843,-0.075614082495132351,1.4288919990262205,0.081611870147838453,-0.50546510323046123,0.13252020748733739,-0.021618249091893475,0.13188699517147379,0.021565376998250958,0.56065550947563447,-0.011349587190260975,0.46376456892226037,0.67680972768870096,-0.18108821288607979,-1.9593582716192202,1.3498607580233757,1.2441205273228064,0.036673423240582939,0.0061099594110125711,0.075769111759816002,-0.60640138045451408,-0.41137203282058171,0.89106868959304686,-0.54471561402198942,0.041447954033424647,-0.03592803766530394,0.067770795210225693,-0.18191621790452162,0.10064289059297117,0.56497820516234409,-0.82159365344757507,1.1751558625387577,-0.085078097948700429,-0.072454710736096745,0.14023123505004995,-0.17906841833950332,0.25198816147360603,-0.13240259501991139,-0.07683057647942014,0.5614090857733538,-0.064384949419960591,-0.015610938220262334,-0.020459383377519406,2.2165411932965986,1.0940608502090208,-0.085351685104069888,-2.8892108202647035,-0.21133743732929872,-0.02264864480019976,-0.06781645715521499,-2.0070394223035666,0.86526742553980796,-0.030287814668792143,0.40915405054148857,-0.015755362394293464,-0.018452270568097621,0.75067419744632824,-0.024536257325505836,0.86876693197891275,-0.0430999808314921,0.025059485945485564,0.50203858749972885,-0.00071185858408331232,-0.18841514027490441,-0.15823095676241486,0.026825839081401539,0.090244708477567992,-0.13229177853842516,-1.1473284417621159,0.12738469757331294,-0.090927826589506253,-0.040174689252517687,0.014740003080511731,0.2687231078136107,0.75321124205725065,0.56119702665825688,-5.8383631421456315,1.0692223756769768,-0.15313045026926853,-0.065120473873850435,0.97503255876134365,-0.21069727353926948,0.41823707021850381,0.2084669228923923,-2.3746336201611511,-0.089424552934664739,0.071163301984726632,-0.0081049801531281607,-0.13583745188010091,2.0810519413646729,0.90049584855034115,-1.7135001735673376,0.13059297288302432,0.32566957204021191,-0.87082520648413242,-0.037346824851573604,0.0021022200196746835,-0.1971697914380206,0.17023790567698951,-1.904803403187151,-0.3560110257811695,0.77426029498925275,-0.17789651731507861,-0.67639926867085609,-0.45126469276481357,0.16587104063488134,-0.22494089384378957,0.5810904579648033,0.99356750829505458,0.10172359026955506,-0.034237719878568697,0.054100564142607541,-0.16613057137951148,-0.065233803846564353,-0.10535019453439842,-0.026710646961837378,-0.094669632998232264,-0.034076951003510582,0.16923281941415039,-0.040057369719484738,1.1906647813148892,-1.6519973280797853,-0.36417699778359669,0.54031836401547262,-0.15457871863427211,-0.090783601344294931,0.10721790283480258,-0.024551999483709022,-0.052166834946640796,-0.13025570966634539,5.1780359100540956,-0.084699906476911946,-0.36186780317343958,-0.07494717637988195,0.10130752302889195,0.1646921348670855,5.5670677398168937},{0.38721187737082097,-1.0234413198795003,0.031247073100099627,-0.029771462298208221,-0.061844661414666532,0.15213534672326573,-0.080914030406521092,0.039844370922520682,-0.37242458102689463,-0.099507072814847677,-0.17801542368509321,-0.11351976999349327,0.1635716607499012,-0.16497421780788574,0.10283760727372569,-0.084944139596228554,0.90522069480247436,-0.13011694803939414,0.262183084604801,0.072968861589190512,-0.017856777131441948,0.26345921011091167,0.065770154959063881,0.71805590625012838,-1.2034074158260084,-1.8300155492970089,-0.052973472736045871,0.34190616973653037,0.048197376077390393,2.1497220274844056,0.041586154977268558,0.054299041730496635,-0.28078004272515084,-0.15180266554157057,-0.4447723274796837,-1.3638177828919096,-0.21236028857918315,-1.5633762492719159,-3.2280825662237738,-2.0217773276148416,-0.81716882837607441,-0.057684331566205456,-0.087178380396265964,-0.28505443667067237,-0.15274715404790823,-1.6930070042666117,0.46172056076170698,-0.12979920352813232,0.0035195399059942539,-0.07550115766293572,0.13167243763484929,0.062824182402153636,0.18911746113405586,1.5632234847025226,3.7486107265651145,0.20052334573713848,0.16412759219395825,0.053117556701233297,0.60093078511899733,0.58116663185828865,0.024039670500270956,-0.011471804802503283,-0.22438833079517895,0.036343823313094062,0.1281280860294424,0.091938361900252272,-3.1680149800436168,-0.8374214953862692,-0.17848103118945377,-0.71374740058409292,1.1614154599965576,-0.13019167109694968,-0.028281157719956276,-3.4817597345553786,1.2656671664702845,-0.17722821870006134,0.26428373704052394,-0.16070962597296978,0.16042284907101523,-0.56204579894602369,-0.044453070690071775,-1.7144816473479316,-2.2895681274800737,0.55400034707658163,-2.7738028353827411,-0.0044296082507044345,-0.28276300337343435,-0.17262503713160793,0.052805036254990022,0.44489498665965649,0.35011703930522542,-0.34731568689386122,-0.043030044127338754,-0.011060587204455245,0.42155954087152547,-0.0496527811034592,-0.0913101497023803,-1.0722107802298111,-0.38348781527566078,3.7660372461432918,-1.3201680215705773,0.14880377121050514,-0.16711746650681528,-0.29286918370153836,0.0067541307791712576,-1.0761470127889259,-0.77146344806275424,-1.7881509934388631,0.0061163945007497384,-0.19271053135716087,0.026058273962754803,-0.1206203471418974,-0.25807109075682039,-0.09795386524388118,-3.2330875212884722,-0.017633314694347611,-0.41519293038764266,1.0089031553488299,-0.0018880074405977665,0.010446445834789356,-0.18251229113055881,-0.047814220925348282,-1.7729599514008001,0.017172012482587529,-0.98300154324213518,-0.018716058219011358,0.76951293207990923,0.16209520460811147,0.32348293264558997,-0.23171337859258442,-0.78033801943692604,-1.3036935934879317,-0.1736272193678583,-0.076460994930708626,0.0012848727691509563,0.12494152982778822,-0.14300950229449627,0.049494039844671912,0.016450475517663359,0.10144891581926345,-0.13047966335128786,-0.15711447254465799,-0.077762154953319257,1.5317875394011184,1.7463041263811858,-0.19619207256418453,-0.83430804383515389,-0.15428018723566245,-0.17693609825132695,-0.037102108251944252,-0.043537462547695339,0.058338052395652318,-0.032211655936249216,-3.5437735816382916,-0.17698724632281784,-0.5235056784841613,0.055571836472662513,0.25671148937835392,0.20457206825484417,-4.4856672998635077},{1.4251145081015435,0.0052151813151820039,0.073084391335901347,-0.080827564531311832,-0.19742977173788462,-0.15683474713801371,-0.0095166024904575486,-0.055221581406963968,0.25835475686190118,-0.0038203902678074315,0.014516004821341832,-0.24589405616876858,-0.018101522962312523,0.21772539831216778,-0.088633813953097898,-0.062997599286459455,-1.3285131295043389,0.017413837990284845,-0.34149936370111672,0.062762232697830073,-0.19625413011017878,-0.25691438321677162,0.12821298814388501,0.41470036459302312,-0.56134864054271283,0.037872921018971079,0.0094464042026335664,-1.0170769604353902,0.13697189854073877,-1.2186932267122201,0.11441259396289467,-0.079152687131984339,0.9284821246608731,-0.13590770120966916,-0.21882485970791382,0.53426987790952352,-0.055258352477776287,-0.94405459551198123,-0.76742116926453319,1.1342851164962511,0.29342557816307885,0.14272036760964835,0.092153152538291733,1.4312682205505669,-0.33940096914359774,0.072104230827000224,0.10298195358445889,-0.065230568669672112,-0.16946848940957204,0.067099230766951776,0.062367147183854124,-0.025455096836204966,0.97432425565911329,-0.65216653466959573,-3.3911494525415766,-0.12503614070108801,-0.11224385666070834,-0.06016541226274004,0.011203851668879135,0.65059768007938112,0.0044156838142494778,0.043003855893513257,0.64346541846598271,0.12729722461455573,-0.01681951908051851,-0.17741646222395119,-2.2306186813129703,1.1791352759308726,0.089366478806157029,0.72623403654543706,0.86017716118873699,-0.11448326613414522,-0.15986509319228367,1.3179171173759738,-0.50074466126821049,-0.16594912819537641,0.2041958523887733,-0.13709306490310227,0.87391388417392424,0.81195965287650185,-0.16720655085744171,0.032116094646140618,-0.87312792135161366,0.60540344925185952,-0.66252765753225229,0.041712576248039437,0.021019715762743689,-0.056798083924134497,0.14565781986692158,-0.26529250908048052,-0.099825426508509799,0.34442883857226669,0.067444391815318389,-0.15929097803336803,0.39016297449631443,0.073727690758742165,-0.49207556068460873,0.7528859174760214,-0.95422148555311648,-2.674621824137621,0.7599587760508798,-0.16650499536355828,-0.13527438229163716,0.44703196904960479,0.023570586182414293,0.44198364980438487,-0.341006952788453,2.3625062136457617,0.13644478158826751,-0.056100910076869785,-0.15946719851067329,0.1454052992849961,3.4127799434804009,0.80851109213625461,0.90441179033414909,-0.0048507079136039834,-0.39765477431291707,-0.60707777444125499,0.045698541630327001,0.1299849435889274,-0.1826359801997621,0.14049739814771478,-0.15190587429655178,-0.30407526015165515,-0.11193318335914149,0.035140278534452583,1.0758401164829816,-0.29818237132677855,-0.26144755957401261,-0.017086497800005047,0.009493525292793523,0.1007701226553569,-0.056498652266193772,0.03500947139311978,0.036239676719025976,0.007219911937051491,-0.16139040121705509,0.090609666669893785,0.18242673171303117,0.012696410084145815,-0.1125588511726127,0.087378688501599439,-0.2507006061461805,-0.91995846876289478,-2.1611617341143794,-0.22305338986861772,0.074884076757477075,-0.43291724023536587,0.11809964981028163,0.13893337436283024,-0.06553899051917525,-0.1380406859350122,0.00380459675535014,1.1796484327810892,-0.13665644028268975,-0.08860326283218703,-0.16985083818130356,-0.14924055159134383,0.24104190378135343,0.5398071839535119},{-0.53126527350913055,0.23469067704795743,0.18213509801406663,-0.25109742454318262,-0.11671699510085917,0.15554171483914297,0.0026065045673883164,-0.016587707561306526,-0.40601206520268357,-0.086351978285605868,-0.071286240190358161,0.13461415879407609,-0.092892184088506191,0.17706209661738942,0.073931615803414022,-0.11382282241763314,-2.2160903591878327,0.092652139028982741,0.15002359040016439,0.092128507053175296,-0.24041666373502388,1.1405590464787798,-0.027839432829695487,1.0274603985800734,-1.4155803329218317,-0.29402211430629593,0.066502491234126299,-0.27161565460865106,0.043421124630346475,3.0843508089649161,0.095482841966700441,0.10289417594469946,1.3276420783747804,-0.1517536351871609,0.1074348800286094,0.27370489893224947,-0.1445970685586784,3.0764101645771138,0.28307514999004968,-0.076809879198846645,-0.6305352786992543,-0.14664951385382752,-0.14094020289456269,0.26328912979029351,-0.51798807769767663,-0.32538359923731619,-0.23476005740219794,0.069138467016140237,-0.003254747565969501,-0.15253395747913551,-0.09699118830419165,-0.014057929108507077,1.0407154805426795,0.75647281811153733,3.521496733971778,0.095924411672983628,-0.062095573438068194,0.12575723334813696,-0.64449448552559374,1.4187150174909244,0.057503496439882333,0.029668105816545456,-0.91499784556159425,0.010817361074443307,0.14440634037227829,-0.071393995484411249,0.72433999789538173,0.3806546316290918,-0.092795260350371653,-2.3507969282023549,1.5631740622007977,-0.17272815624593557,0.13860546263575846,-0.59614788174039823,1.0483776981166739,0.053115631243780478,0.58015406739806741,-0.12763549786970341,0.77294853393204233,1.0550969993334676,0.11783283571385594,-0.30797217839304536,-2.2311319883681251,1.8047333716113425,-2.0504150728821151,-0.0258728523492209,-0.33279528566814071,0.18010684597715809,-0.043846825204809453,0.86122531834978933,1.3593282433199987,-2.8082816066405751,-0.15575342847033924,-0.047482608564192001,-0.93459598679070055,0.049248881744343539,0.19653504408193032,0.97221351042132098,0.24052209639595201,2.633586581703026,-0.028020077128465066,-0.018880099337091397,0.022314054997078784,0.56503011106867529,-0.011226440762047872,0.45101622858243479,0.96840806246370637,3.1442301689209096,-0.17490200979408643,0.083879036550618111,-0.11405537732883024,0.067265384533481395,-6.1278077963445519,0.81551369967059573,-2.9059597675118223,-0.11438433131140351,-0.26758610015565015,-0.49817048639592754,-0.069837138676503693,-0.18277602121027936,-0.23925916061832742,-0.12982189370515537,2.8886532629859554,-0.13420985720521877,-1.514795978225669,0.073328315200900634,0.30782958445946446,0.063970095260669171,0.94482916827084595,-0.25266054850997516,0.47043091140852744,0.98862025872858472,-0.041374568471777715,-0.0026063958396961881,-0.089903094479483248,0.096678165451499223,-0.042738619349829914,-0.034304497635318086,0.1202003471136555,-0.11317614404907038,-0.13978416212120462,0.1197942990347055,0.075770150433967925,-1.4620426411955629,0.26316326853804922,-0.23074634948158998,1.2834634082231884,-0.054691424401704811,-0.15834723065735798,0.13931964939304137,-0.014660310998715316,0.09660690085247621,-0.089976148471689971,0.62549822952078071,-0.026068927984700566,-0.45843987013383991,-0.13666461383552869,0.24832595485067627,-0.36249793809756498,-1.9025504264355753},{-0.23102170567740693,0.16458926873005478,0.06312172801591874,-0.4230961000502072,-0.015675915949726029,0.0035066936634889638,-0.098517576333235823,-0.11902420588889152,-0.0036054121323598962,0.12603763064801957,0.17668178911922883,0.10701597464762125,-0.054992314166741045,0.21251470229546618,0.018950794514544272,0.16727981599737618,-0.078191968283397542,0.032932226643387706,0.27540830762913493,-0.14635879177307484,-0.0837694454076328,0.3881063541923559,0.031185365989770376,0.51995892220408912,-0.11667785789523949,0.010652084078318884,0.1064056164258792,0.50094515295279707,-0.038850310889081578,0.64892423869831084,-0.035146138274667713,-0.13322324750598796,0.71035085771793527,-0.16569652075551417,0.39142889531146702,0.029452456143055979,-0.0693045997839698,-2.7685499673778651,0.24990864012308001,-0.029807334462799977,0.30479657016248424,0.15763300607277081,0.13275823021921526,-1.6923276944665804,-0.50004598545206469,0.32421748790256227,0.19167686137323461,-0.096512877232633271,0.058796944079664702,-0.15137014820003589,-0.10589015464023768,0.0010340399740080422,0.54432045396272333,0.47997833925096206,2.2104592600299169,-0.0529365656279722,0.020465723753255269,0.013461314448975683,-0.013755481144119154,0.28616656440204902,0.065344522403147101,0.068573882565588828,0.13260669778679277,-0.051958610107279715,0.041411754303589121,0.15952816423954971,2.5335794593183345,-0.11744300913941383,-0.047947783737865193,2.0983038341581475,0.66731859537211813,0.074701827019604372,0.0066931012459607361,-0.84054702065353792,0.72094180269089958,0.0068208782573497906,0.26898958992088989,-0.16361804902706426,0.36015696783128348,-0.19349876783755687,0.054764113007681081,0.11100087713868534,0.78858828445383755,0.42328923392047857,1.3598594833473581,0.097021496859207509,-0.26710255559295787,0.12190354764422569,0.14499617317184813,-0.053029925614755953,0.32142900215639142,-1.8634976589936305,-0.15722960072467226,-0.15615886679906862,-0.29860431868395887,0.17273886949833839,-0.44602432296440137,0.14841050930291688,1.9125048878054338,0.47186830129622831,0.13088368792732843,-0.057045632709276234,-0.09012247594657441,0.39102442292145345,0.06728642383820839,-0.11824272022359492,0.55190183990672337,-2.5413997361909475,-0.1724510107889429,0.10110841814282949,0.099218244076990217,-0.063857546238607663,-1.2084259347503086,-0.099655694794363384,0.35682849068484673,0.15673576110359974,-0.51089110166641161,-0.25874909247857691,0.16545877211171792,0.14205007283264684,-0.13337699964627581,-0.046588157916502136,2.0412735977580367,-0.29084234211214716,0.0017222233834068167,0.17954346772754604,-1.1525260142890275,0.31557399069598341,0.59995177636893604,-0.33425117105022711,0.14711423853277364,0.57659740481737953,0.1100750316138842,0.15860046328832658,-0.11793749874493477,0.085960136286211131,0.16745765390959222,0.20174377673068053,-0.12675000414524748,-0.16197387408004688,-0.1809333780816495,-0.070104044665940612,-0.19244196641833605,1.1881043787345233,-2.1167566459434242,-0.11345388405296832,0.76908923334540225,-0.068697041041165585,0.0011002371994221838,0.052485019726485706,-0.14232752457868589,0.094479403569310783,0.12267457949591221,0.62274168741705638,0.14296913723267676,-0.61979439976783368,-0.020573576797271082,0.24621153742889607,-0.090223986107361862,2.5348421092229345},{0.92573717696821545,0.4799209003945234,0.14298577846327132,-0.091218052541051281,-0.13245995918265907,0.13738951071096225,0.048324901436858449,-0.10594242209594609,-0.3404174550764652,-0.12450772521449723,-0.020374793102010434,-0.41474932004236276,-0.1223855769661862,0.020568414586917518,0.062063029474469976,0.076176078882143158,-1.3949410064662111,-0.093492467409820076,0.51056955362954914,-0.17045018114062829,-0.087711199900169193,0.79422892963937342,0.16538067217318406,0.33408320203418268,-1.0810140715743761,0.25782883029405879,-0.16565180020968454,0.62772288665021447,-0.0035896113279732245,-0.15471394278988052,-0.08115667448313782,0.051246333531035679,0.38960854577666565,-0.21905061998758596,0.26082744997979446,-0.13307680280929843,-0.1891867810450221,2.2300148316344681,1.4212449844567299,0.51636115437730556,-0.20777732794993459,-0.13428718305880899,0.1600202616933262,2.3885346466255077,-0.2864668828316298,0.1333621891947864,0.19825444104357975,0.15953436656917072,-0.079246895498018902,-0.08379177961295789,0.018829703104611181,-0.1152193052479813,0.92679983676225941,1.1986887339387651,0.80577353485028602,5.710097394547509e-05,0.1698457426355727,0.053064848417764043,0.30194037692258424,0.21995059588133578,-0.13063241108933002,0.048447521120839596,0.75204926143295425,-0.02422201622611447,-0.16132449445761704,-0.0026643411746777933,0.22299505901982405,0.69866348668568523,-0.12262702908441218,-0.60196787851037681,0.60654810422092842,0.047965872132104868,0.17935208517350662,-1.4557062126038094,-2.4115130464403371,-0.099399095147335609,0.672634735784993,-0.13223351427347824,0.65726153675682331,0.028089322819650847,-0.07715420740669876,-0.36335478988063985,0.14365005082388257,0.14430880235645557,-4.4003484433899365,0.047540716120195496,-0.50535192919316918,-0.17764397616209196,-0.085848804094600273,-0.048843096074987741,0.87330514864709607,-1.522361928693023,-0.065296708355522301,0.10258536615373752,-0.58759932206533105,-0.093402194123184332,-0.19249518985574257,0.54731607924193204,0.93628650383556,-0.51702047043394095,0.37357336576896044,0.058369814451118378,-0.1389756967747264,0.82749454269435974,0.011033319119059954,0.0062013264960084791,-0.27453389827186625,2.1315422657796317,-0.17311270535621265,0.06827961878751676,0.1120246770216836,0.13228319760488275,-0.24212282370432486,0.5658874761045366,-2.4246089694132471,-0.016903397319913121,-0.92870465059847074,-0.32305199299290693,0.070287561994168885,0.066964352191910867,-0.11796061144458403,0.12025604635372615,1.4118880167403722,-0.12459316946375103,0.21477262637591354,-0.11770681721732368,-2.915633385848829,0.179194430451354,0.49671293915983178,-0.27340202485540943,0.32216877072679229,0.59735616136870695,-0.15247301752825831,0.0436166608333729,-0.10086617278750289,0.055124737299627323,0.024951446317618239,0.06017928972339387,-0.10975631015073395,-0.15219885680862921,0.045808292455897751,-0.035919835544093837,-0.23153899373765674,-3.4523007154756855,2.3567724241488106,-0.44277407811158681,0.78666783633368065,0.27325994161545608,0.16898712822623885,0.084235926345035586,-0.034308907117779862,0.089239443233650309,-0.23385955368713987,1.5422915769879149,0.038769901427283898,-0.47365468299382413,0.13863223020487672,-0.15979621735046037,0.12523733107746413,1.2086672228858502},{0.29233207487898882,-0.16527307445786565,0.057494308646440562,-0.020352694609109816,-0.12597929023023002,0.12979257193901714,-0.049657390637759521,0.1436160921459132,0.04452764911211108,-0.15179353900519882,0.17625002491785755,-0.031100234173092212,-0.029170170890967215,-0.069510349055987602,0.033716809308709975,-0.12706086961696908,-1.8417427711548333,-0.064626338940604336,-1.3369762111380323,0.055221094343834036,0.036040968358063946,-0.16832216103122496,0.050235652552533303,0.17414667660620886,-0.60314027899375666,0.47792958336200653,-0.12664567748568345,-0.11386546142235932,-0.0691903352008406,-0.14433894038415918,0.06665659529319283,-0.096481555397485819,-0.39630381991329705,-0.064664237805295122,0.63969195868636342,1.4228800018524019,-0.3758297006248798,2.5353679605598671,1.265587761138169,0.58933772380642657,0.38623493827925587,-0.15200892893728049,-0.1089317767413942,2.0999784539978439,-0.22873455945798024,0.22937951926805139,0.59618823425446477,0.010251640141266857,0.055062522491006828,0.03110909083100526,-0.09831457284512421,-0.026791563334648171,1.2385115402567037,0.71824077095585448,-1.4572284466946286,-0.15614113860896262,0.078321564859874029,-0.062196691364374827,-0.019557337923334622,-0.72763201963154278,0.055285659113950954,-0.047174528941070548,0.36457530667045807,0.15075133339943636,0.16200403430513918,0.041571998189590995,-1.9316676360513252,1.021296872925219,0.058638531849806386,-1.7497891653808482,0.35963219293889936,0.091336609682417247,-0.095154216233135511,-0.21423787192461499,1.7140884787991066,0.081345753815551022,1.0410797232299147,0.095125128977201531,0.61625521123818727,-0.78580503561729942,-0.14995581307490802,0.4817684025943943,0.21928670025846003,0.017402395280569784,0.01804287344643956,0.10188922405822766,-0.51799914994535734,-0.094618498399707776,0.13878066107364714,0.57564475854184105,-0.3394845312813729,1.7820353819640646,-0.16714775201865611,0.16422775828185154,-0.52139261304857731,0.10945746782036228,0.49557951713966719,0.88836627466041995,-5.2597999479056634,3.4998853996278299,0.71830221021686325,0.14679388415084854,0.043611096605473382,0.90759634256858923,-0.16732019548610333,0.086060074796457955,0.50155022275877137,3.3939497458674524,-0.088153071801609001,-0.096388427078672734,-0.091724828297388705,-0.11213542416756518,2.8660126808263144,-0.5502173445801628,1.9211300239478029,0.10140716544298584,-1.8139360890043223,0.046118284948395039,0.0056358118343168935,-0.036630972206027804,0.066049232913376138,-0.17271591680504661,-0.63356379437599386,0.09566751793743003,0.11277025189569585,-0.10453776383773278,-2.1586649000034939,0.07506511760736273,0.61090003126845671,-0.32510584988885027,0.11006877946909165,0.78255729635680493,0.14751258435739575,0.012953359955251932,0.13283961176112127,-0.078449336998460267,0.18228128112271361,-0.041089679476129362,-0.061092281982023829,-0.16783505643919372,0.17928746661673206,-0.014381570435416753,-0.0044584249396371241,1.6749799833031835,0.9123553923297667,-0.46951261734727467,1.502831668951522,0.0054982973257770937,0.01903599004057218,0.16984505480636145,-0.080194750239467968,0.037397079745568225,-0.10566103410495307,1.8063936999796155,-0.072990860430559842,-0.15945947196822921,-0.15750640545361394,-0.35557881230860533,-0.16208924138825553,-1.0018038113756915},{-0.6318645418204264,1.1192486420950543,-0.14249236012043573,-0.11719415211325178,-0.037575086702675155,-0.053871770807436554,-0.11049280631972709,-0.10229378781725895,-1.4083385149876293,0.078041833848301531,0.05632270353600146,0.021605924128681384,0.082072052103660545,-0.00094558607162926436,0.13532655381387618,0.18588516672807109,3.1022798603391983,-0.044361332089380638,0.80764880945913287,-0.0065336586721428157,0.070298944897727325,1.0089836567541359,-0.0125800055387232,-1.5667835746102265,-0.51855904456676127,1.8706195920101307,0.050957173628695208,0.67841275563751269,-0.054321864212717924,-4.8149378227968542,0.12328888007279848,0.019058269430551548,-1.3228629980485132,0.045607614857014499,1.3671526845356603,-0.11910635899864971,-0.33108074979045193,-1.0003972373708361,-0.050867954056091756,0.70137332292542587,-0.035320707467539555,-0.091244874117877739,-0.060917249203893249,2.9930477919902385,-0.29830039436920747,1.2051301850603311,1.8557978151482786,-0.044019653043136271,-0.096828517562315516,-0.077936905280001134,0.087132946114842999,0.082040093227284117,-1.4946277131476933,0.28337054003010415,1.0813223595945238,0.025630010213004779,0.018517770529884854,0.042277511831080493,0.83962897735230013,-0.76662262094910605,-0.091087436301175523,0.057025846293678968,0.74818759206462393,-0.18175443215975942,0.081775101375666792,-0.14315150981431571,1.9579822446385793,1.4755497628013081,-0.11209227099781809,1.0437410742655964,-1.3331999134981642,-0.11575555320579135,0.098898566156380027,-8.2242233480785085,-4.2532659371329187,-0.16004539770351306,0.11343625280319322,-0.090436881591766327,-0.4825813506791688,0.44923950803530999,0.0088546375154677746,1.034611179803079,2.014098629304375,-1.5869371000087353,-0.39906396755998796,-0.017901962841947734,-0.53143700609887157,0.13719950446611398,0.074295690239948295,0.29899840197171573,0.89291463535743831,-0.51681363728118113,-0.12788649593209903,0.12649807857139439,-0.59958528522871768,-0.0002412305525883196,0.0026949127258509677,-0.085798098458471694,2.2882107665964568,-3.2050141461712331,-0.72335094995098725,0.028614240835134593,-0.11095088182021501,1.3167940736532131,-0.13066705751225233,0.23121918829605356,0.28662523592618216,1.4446157923839333,-0.012334674698146956,-0.030340485539834004,0.097701449850411459,0.039264504301256262,0.16904215102798162,0.74316662311403325,-7.1188543139960352,0.0094133155320827132,0.78974886407412892,1.1604699150740392,0.10545832337171669,0.037660208063873983,0.078103349245024864,-0.10163877301901565,-3.3735950099867344,-0.037085241573188606,1.0072436358664407,0.082726186995511236,-2.7260286631149819,0.41370281291071626,-0.64055607374037904,-0.46219414214888177,1.7695593073580824,0.81487504918076326,-0.17772208792437594,-0.10426511476144996,-0.14008280277721258,0.067531398009832655,-0.15332152583604544,0.19670730919152141,-0.030978891808598065,0.14834949107479542,-0.11401539652315626,-0.024000660350929674,0.13650207848515056,-1.4529744263614159,-1.2080581825214214,-0.37465531901318266,-0.72657810617158591,-0.043210285267507045,-0.11219166424369253,-0.14133166809198305,-0.1276895515672537,-0.16383831342087521,-0.19687008425180696,-0.43505139431436113,-0.051578064440852597,-0.47131920221379603,-0.027193165021730231,-0.35724676424274093,-0.00040354267892171405,5.261471996802551},{0.15442317267252006,0.34113894860204036,0.074686611971984715,-0.11871062790349768,0.041916886368731268,-0.17795218911367233,0.17664090512718747,-0.12005633975150791,0.18102875736362992,0.11243654152070261,0.10988466312095653,-0.19801488483485782,-0.10257883474230496,-0.0047113140345952115,0.11016494547092714,0.037207654386186048,0.43205065715781577,-0.053935828341828404,-0.11428364836771322,0.17598956226100071,-0.019726427111580923,0.4295552957356793,-0.016752705536567242,0.35186950350438967,-0.37532717075646599,0.61840867183518078,-0.13829459955749759,0.72857898392657994,0.066397936049850129,0.62455112232175558,-0.13458945230612188,0.10932840168440233,-0.45910228340770859,-0.021876218960219785,0.69985853883425198,0.24350712098013477,-0.28690014704964328,0.24285622158115189,1.1228741002375988,0.79456380811588201,0.47562406180833555,0.13549882220795853,0.11596734613350627,1.7720905468253167,-0.2926523561678393,0.61882067779374927,0.92854882457302523,0.038056488711338994,-0.066157220519645135,0.063673111483821918,-0.16403062289428785,-0.13379684694227637,0.51997495325344834,0.48641286291458824,-0.25508616311967164,-0.035778844217428794,-0.166832854140054,-0.097482977630734088,0.68258893463749626,-0.44767048412681293,-0.127745716366612,0.0084236936669095618,0.69386175904661662,0.13388194413249413,-0.039515952900559849,-0.079128640537103251,1.3298338566456469,0.83576698755101853,-0.096198698431086263,1.5881551609403188,0.26689957012997856,-0.038120133730924446,0.02262067559132273,0.72617406264995032,-0.36612030436589416,-0.031533064120373877,0.072667523913322415,0.12035295739319425,0.11769860125925358,-0.51319681620273205,0.02818249357866073,0.94216118683391425,0.096204263446360697,-0.92120438475348398,-1.6341463309552391,0.012053335484976564,-0.28557589354347562,-0.11550986429687098,0.0036239124790127496,0.36938414483034548,0.16516898411448291,1.7581907676883346,-0.027619502763026788,-0.10832422736597443,-0.40245971689846111,-0.11032840929585359,0.066951671233882654,0.092378496593140735,-1.3594253438171524,-1.3668884398821279,0.4801950762431037,0.057672163723587397,0.088585948169830522,0.37859277937090297,-0.043714884397468692,-0.041536327123422985,0.64330184789086753,-2.6071148584351462,-0.07354732972762465,-0.16556126139922103,-0.078738867083631051,0.089333117615938734,0.14078131748143008,0.3662449497341751,0.87804982198802206,-0.098081328064308013,-0.98414547623633197,0.26238641447284317,-0.17224505141830335,0.14766428032018455,-0.086892313870920404,-0.027044388763829277,2.1879499501858848,0.056832412417997226,-0.063683423438883252,-0.11982797524392802,-1.5303505790270127,0.37948652064270078,0.075519421910697715,-0.13766914528202445,0.47312763399151664,0.48746895388380751,-0.095125447293773022,-0.11477870847191463,0.089108124827866717,-0.13690532678603046,0.01445807892632772,0.083950308557055611,-0.088662047674468794,-0.11916893769919799,-0.16850817022216566,-0.12991709174927907,0.058469661078322278,2.1214932146836354,-2.6338355144164747,-0.47781431147571601,0.60282199367406453,-0.20162824146561495,-0.031635086841689933,-0.13205607701659128,-0.044952192894404039,-0.027664330972289704,-0.069960637288786626,-0.48126594691941266,-0.14543548696264333,-0.1800360362183456,-0.13282314256558506,-0.17229901377182152,-0.35078476318034302,-1.5680522132880617},{0.52477012194053274,0.64432531530546111,-0.11346277025821909,-0.15185284638581717,-0.1021068178146135,0.071186849741211561,-0.1002797629688177,0.12630420842719378,0.12948776001116163,0.00022683292304878395,-0.09017851866985023,-0.06954884654744678,-0.0080744248928971314,0.06331320121914627,-0.14394548697999371,-0.028673867262937542,3.0126022591126298,0.060326757589343138,0.19604578431127551,-0.067859687830676724,-0.093880386113028097,-0.4108859247461884,0.074419290110870173,-0.4188545756326873,0.62907892756479922,0.49450979239108972,0.155861287401655,0.067417700113716075,-0.070519902015607261,-2.0031247089782083,0.13955019759760182,-0.13689705944413902,-0.30867046810322352,-0.11021621687180361,-0.028762693930353619,-0.10983689814973342,-0.018430078255208843,-1.2664272760739688,-2.3935530822626956,0.62457792133263457,0.26805192669419636,-0.12390171828717135,0.054544141272517624,-0.23952354995386207,-0.31858410576089219,0.69606091657810887,0.39416654108829063,0.13618830796337178,0.075853817033211382,0.02779283176647878,0.11619737634578022,0.14924349207969553,-0.9258090906708879,-0.80548857734302426,-1.1101203506937207,0.10102871401713656,-0.15103106624551432,-0.036700876229383755,0.4104139286354383,-0.29189631085368628,-0.00074004631607849211,0.058583452459019393,0.55704188443076719,0.044104822950359147,0.030182201563652752,-0.026238350700742478,-0.66490173810465192,0.35633606009248597,-0.080858724732394666,0.58262082149246708,-0.84948925580824042,0.011059294877387722,3.4143433622494595e-05,-2.5727344622287114,-0.1909212806556857,-0.12191923334263439,-0.60927835699551613,0.086015032063467389,-0.51033390796693356,0.5195103425806108,-0.11530932836622329,0.40295279016695235,-0.2104791498200535,-0.76758344880156226,-2.9229004504297307,-0.11135865899821958,-0.41111211142306109,0.044354141052912542,0.091573424532597147,-0.44492242455010578,-0.025469231149999407,-2.2007307313758826,0.062272081441357929,-0.10853002695315812,0.4627045565813997,-0.12002513856335936,-0.12767002643311967,-0.25385417945593058,-0.95124331447319932,0.47869625548284395,0.19603368393654136,0.091676533616106309,-0.039188636662742145,0.36178343644120264,0.014998304506477558,0.10096352010842088,-0.31706142671154702,0.45740586303983005,-0.050353062463945733,-0.032941158806478681,-0.11381009151390241,-0.044300375592352309,-2.274824217137934,0.48361405113643113,-2.5291121240035159,0.0097809902128734201,0.97111366141735955,0.40533824560333948,-0.075785905716537191,0.028370248324787087,0.029028781776842583,-0.021843022247829826,-0.45888094360548509,-0.17890306478720044,0.66396131065161823,-0.094135192720921149,-2.3259409305958743,-0.22605775631863859,-0.7713583239354791,-0.022994514982738384,0.50570594577125039,-0.29478209766273439,-0.021805410424509741,0.093056461703962007,0.15374993623693484,-0.055528573116640986,0.010238492159484521,-0.15927432980762241,-0.00090448145269187276,-0.011994345596713273,0.14466455619426266,-0.14449902854525362,0.024760921156661599,0.13880428251656846,3.1524229575889651,-0.44497916077506677,-1.1405451415064403,-0.25890273805732433,-0.18127215773970573,0.0619306562646951,0.13555578319584352,0.017195649592837994,0.075322430256081485,1.0195973516715486,-0.072423675763684581,-0.26102262769468287,0.027436314205094525,0.18800657643972804,-0.21938409966001893,0.40407421797351833},{-0.56553396528385591,0.043316014921592212,-0.1656249515960676,-0.35344442482893079,-0.17270654207166691,-0.0078506308449043903,0.049470835084877388,0.13920299874406203,0.26470695833824726,-0.070600707249832181,0.092765420320081338,-0.29854485083979143,-0.045930249005052964,-0.090684605515501726,-0.035031989006934293,-0.068656476832866617,-2.5146562745845062,-0.13841959608923463,0.0069978347132341303,0.0014582265150482568,0.080563110514182565,-0.19673553651259523,-0.020495270062330605,0.57582288796240932,-0.16541244273152411,-0.39595208028894979,0.0079297289950306885,0.14505791837629101,-0.071277002421837765,2.4325719867230196,-0.084841699640640561,0.10864200342084979,0.27953843566578851,-0.074736929945719788,0.052032660364864779,0.31514612749016552,0.058536292116699175,2.0783213442625184,1.3380513599135098,0.17419578890114137,0.56627037440889605,0.12969809082677411,0.088814336736171659,1.1302473300753622,-0.1921949951261612,0.024646427182103178,0.38988353713758034,-0.038167053489601067,-0.15229469447873931,0.11132239853665965,0.014253298855540431,0.015404574367999361,0.64315464486804219,0.48607518544616651,2.7768311548355356,-0.16416186092685583,0.070730796587241046,0.032029095257141767,-0.040988322414388607,0.03186302820661556,-0.082205988887053022,0.0034445921536534114,-0.044539612314507239,0.023903315044988244,0.059730725091136881,-0.021461751956239734,1.0888973189826379,-0.038405108483604553,-0.085309496470820492,-3.4251611282363701,0.78474006521852702,0.08754586137156771,-0.082355353540007628,-0.33864931314624597,2.1107432336080274,-0.053064548140746133,0.23236344886061919,-0.083896368109514799,0.67530662761735694,-0.38513339876193708,-0.033665023590416406,0.1156842986158035,0.22442623609882817,0.40172330283662283,-3.4301763369761771,-0.044944035954570569,-0.11372345707937005,-0.15144824155922576,0.018265285763154546,0.16337684724596377,0.039244526577930483,-0.72779552181953489,-0.042427142026001063,-0.12932973094871397,-0.41221794238723125,0.14857122693524452,-0.70581088458859809,0.35506779238065567,3.4109423806908095,3.4328867312747642,0.13997822344923791,0.040869595295347429,0.15769704410510788,-0.092092588660731639,0.1591394168017024,0.16408512969585343,0.42321119648398126,2.358047736857412,0.12224642361571403,0.039597921328797678,-0.12938070430252541,0.037022353754530925,-2.466124838635495,-0.38574633136420705,-0.36564465146398967,-0.078451707465908377,-0.91147926717114913,0.043247732389447881,0.021083575412078562,0.026931576190184374,0.029080237927822203,-0.055863551084201796,-0.71204586726455998,-0.04277765293166845,-0.57159434902007744,0.056378621862711011,-0.012163592523310061,0.55427368470971783,0.39089374684300476,-0.28747368707735987,-0.082299703115482153,0.31369237009110446,-0.0082517646361692232,-0.17425940200598691,0.046206571081556284,-0.17284339760144771,-0.091175905605505786,-0.038327452316130502,-0.11114240752331285,-0.084003609575185961,-0.17533835593828948,0.1737156839790284,-0.10152911082549526,0.1833502430315955,0.89631998092907872,-0.33155723371688139,0.98425512604566467,0.0075942565230617681,-0.08109222380894493,0.042022998257778901,0.06047007425410264,-0.11497337685018909,-0.034946029058163144,0.88751122973212204,-0.14769715303800379,-0.37118942999339827,-0.17351502431975291,0.039177499533987782,-0.27328271969155676,0.88874048021738083},{0.96256674449621815,1.0035368346641425,-0.15558554130922422,-0.18039047551113774,-0.07902905852032642,-0.071488384121282195,0.16952157681328403,0.16045278014127759,1.7999517121449211,-0.10932394903643292,0.032550520372636726,-0.041244142526431299,-0.058538219545144918,0.1500537433682384,-0.12722715232995008,-0.097447872427989524,-2.1987158096609458,-0.12810306233983507,-0.62691786317821696,0.069376294727098012,-0.23607293070590971,-0.2739583353382109,-0.081152741289503533,0.32131990111663922,1.45469634801574,0.82463475070119985,-0.16988281691124399,-0.092713856353384749,0.050625248447225109,-3.1156803898331309,0.13097230784787628,0.053292839293031018,0.16135242887581253,-0.30796053717344452,-0.39781898809748478,1.9982368206038357,0.037046074274050371,0.36635777391789093,0.62076503730093946,1.5027371439429431,0.30252410516872463,-0.14664962576050991,-0.10132566056053086,-0.86546608208867393,-0.51702980707917789,0.98902709708640391,-1.1738408408067909,-0.12201701418050118,0.0076328223075745197,0.082371465806305888,-0.013738538962954683,0.13532005709712383,1.0025397360892887,-1.5623540294471625,-0.84963829444230843,-0.042017052119885552,0.093950151760533715,0.16033412179030165,-0.89905970651734979,-0.52636302371717669,-0.032115714612543964,0.040837604718055157,0.23735213247485681,-0.040537742776839629,-0.14592453426747004,0.077705315369729175,-1.9362164707185712,0.52936903995966522,0.092776995814651514,1.6590856929340037,-1.5363824210496897,0.044278832857519025,-0.038446470507845922,-0.30097075116012501,-0.49102360370448833,-0.13917505876923797,-0.6713325528484797,-0.057119591149977431,-0.67432578788578057,0.58808330293705235,-0.16779360945050931,1.3536545879973807,-0.18539395864795341,-0.78466780933329394,-0.74716610404737416,-0.055382906133732951,-0.23722364708828109,-0.1170437054239319,-0.15811265761846599,-0.39910461188787744,0.16916248769289327,-1.1513369893897043,-0.098505400247968763,-0.078209840807656611,-0.24773523465319108,-0.12688666346394581,0.20557686765239594,1.0719711435839796,-0.70746188646313835,-0.30194107211531201,2.3367700543906471,0.007414718534798811,0.055916686236413021,0.17695399049116725,0.033299090002370593,0.69349590586784793,1.7254319814944168,0.10033344835980608,-0.014485579634995435,-0.15788894960870709,-0.050130464216120212,-0.099179166601948379,0.80364506667065483,0.94738112450469691,1.3287250031706257,-0.033615866680384604,0.06139395657677589,-1.1750341658118471,-0.11688878423116192,0.07113805216852076,-0.13119792270520433,0.043111224603351553,0.12183003326573608,-0.47027638445743269,-0.32396105403090347,0.15276384430139181,-5.3861551424410026,-0.55255416171905125,-0.42593306494498068,-0.31306971319813004,0.18521112936122378,0.4590139606179266,-0.12419823128487058,0.079167383379643658,0.17229903216949147,0.12265924405819061,0.14683533619068326,-0.11233126373841271,-0.092092750524584308,-0.15659889560520254,0.015574478922212781,0.13564200403836213,-0.13740099686050955,3.21179533578113,-2.7771830029903857,-0.22589106805332967,0.92960748387764047,-0.53650426518537997,-0.028743063046472155,0.020174378940624644,0.1723441778079407,-0.1494637157826875,-0.24274706146659283,0.49672373123812325,-0.040111335603801743,-0.51506505138605385,0.0048694141317954832,0.12313773272951135,0.11697054244700657,0.22166132042201431},{0.413425353745277,1.1159471048084715,0.02748406971510162,-0.33812461537457955,0.056002852610681907,-0.17710166570446728,-0.14434167275221893,-0.045376960156052783,0.2559374433190883,-0.0815623438201801,-0.147886079756059,-0.045647092286389634,-0.066299718920021913,0.19166685815558065,-0.10933262557962752,0.1162478820877688,2.1205367474241066,-0.16942177680360518,0.070911367363582653,-0.12714843701520673,-0.051029674237347347,-0.65909078909544017,0.076490864163899761,-0.88059474207123134,0.43653098388409639,0.72013382408023274,0.12389327803323298,0.34551112583727372,-0.18149439838636436,-2.5772729519075428,0.087064073612915488,-0.083241991974169913,-0.54783589593491622,-0.21134968801814044,0.39200306348438402,0.45560744181901763,0.040440210158039162,-0.98446638890947669,-0.60613360953536299,0.73307798530987023,0.62285438582560848,-0.055369647766749824,-0.079098117685527394,2.2751337035951007,-0.24128305098307767,1.4451301777407581,1.0299961904561756,-0.00099223893320452461,0.034324388534869264,-0.077750875482769613,-0.1284468238518075,-0.13477609711011687,-0.5136008102587295,-0.18717059788181736,-0.77201342579563781,-0.033515593483253489,0.034467344017581461,-0.13718867997228384,0.61967164663200747,-0.78348121184931485,0.042184014358019148,0.073664645322923814,1.0449173026839722,0.022843343050390725,0.13341707290143695,-0.029761708699946415,1.4964869565602239,0.60474963542266413,0.025309761587859501,-2.6385995299774141,-1.0482789002955315,-0.060401061871588946,-0.065033646256094979,2.027699830806525,2.673795457156269,-0.0093644617092467023,-0.3414599763641234,-0.042500359255471944,-0.3485373045450082,0.029750159998241953,0.12481036051939132,0.75620185669886231,1.8561208755995933,-1.1606275143518763,-2.1623297035905429,0.18301039608342731,-0.42602765388890812,-0.0036283518655439149,0.10618197963477538,-0.74105057274846597,0.15837614367692371,-3.2841543919491762,-0.11192402763955617,0.13862089914423004,-0.0067320880863606606,0.050908884744000744,0.49242239766281398,0.056072245327995374,-1.8211455774395977,-1.2167107582586636,0.43246518206257073,0.02065444004981612,-0.038271961073260419,0.93022772016827815,0.11576669206186965,0.29788954923564848,0.3971403168853162,-0.85946035880202099,0.16223302127545369,0.016326283737835661,0.1062073770050791,0.0059223614533819996,-1.7480574522913355,0.17393546672889312,0.88677308996823245,-0.042534162396224061,0.12553770621119675,0.64293853047527383,-0.082416575199495759,-0.11694485824864805,0.014472429533984576,-0.15331421220888505,-0.67659296902629473,-0.11104299382615274,0.83499864605821184,-0.090993979365518549,-0.81386268163812736,0.24346496618390143,-0.47431079174585822,-0.19290755129644341,0.95991095360035583,0.043748787628792481,-0.046178196981428138,0.13710438011064849,0.082804440619319533,0.12495471097137402,-0.054526661085444815,0.19455604762055528,0.013545677441313011,0.052105989364007364,0.086639320708451803,0.10868015939925078,-0.04407010308638637,-1.5859797385348136,0.5718579016864318,-0.1885502576631205,-0.26224321118803828,0.15263687578692409,-0.11755359821202713,-0.099611898492216966,0.079075174768695855,0.090569724276419114,-0.047937213062223198,0.47752252062765105,-0.090799204301802022,-0.49091106723236644,-0.0019598517723901166,-0.076014656305729997,-0.1352693050282559,-1.7362048855866772},{0.60981205747544609,0.26982488481216521,0.18048626431862649,-0.33100557695100608,-0.24043555354608695,0.1104560672879228,0.0012106523087856537,-0.16373108212211343,1.1539972821267148,-0.034958406816914152,0.15716195311677073,-0.07720065435435125,-0.15415252455658296,-0.084401657114006171,-0.058995257603209152,0.10845304912472441,0.47286335868709573,-0.025271355976451061,-0.12565235506972675,0.012360332022300882,-0.19586947823440223,-0.19072061307146321,0.06761963744460911,0.55906982404297201,0.47888102609722488,0.65153724444139338,0.064233395843815447,1.5691288494445892,-0.16840489043052623,-1.4019155788883857,0.071537332554869867,0.13435873716729252,-1.0548659964230676,-0.27991452728061084,0.0923408398329255,0.89766058625124034,-0.11181376649369827,0.48365407946988598,1.6442124926485302,0.45120452680091477,0.51829253698647615,0.02867474581878417,-0.10996328377282845,0.67489905752419654,-0.42585991356364739,0.98898377368016555,0.1040435687627467,0.0037394045017560104,-0.016996721882927786,-0.14848663343145721,-0.066385081430232154,-0.13889078868902674,0.89830144166860582,1.2175026011494809,-0.30784793711972186,-0.085284723033448723,-0.087721033634533749,-0.069973929865313422,0.39920919923032933,-1.8106718835943223,0.065737521589341041,-0.17021500779852422,0.92422798809352835,0.089804235218944858,0.16211720341667057,0.11083394172850201,-3.2706406979008396,-0.10385229370500269,-0.14137806096808203,2.8315626976556558,-0.73994128986862417,0.08068970297524794,-0.087482499426490848,0.26695650849516528,-0.87026930238013411,0.076524902599120037,0.50469290666432531,-0.063446704591750766,-0.46625868855501512,-1.8803824040337673,-0.15132406164123313,0.40951333540985807,0.77128776706912783,-1.4546467703975978,4.6267493077007522,0.06736427306863535,-0.34613014818078947,-0.1789334924732229,0.14193534679458122,-0.027300085035895774,-0.27509374037980233,-0.31505341328831166,-0.078427383739614151,-0.17950180660359172,-0.30569077868711331,-0.070369504077693046,0.30999576239269133,0.10626335749918586,-0.21177725364616959,-3.0709454345190608,1.357378824913182,0.12522850035635968,-0.1155971956158191,-0.14713716957163375,-0.17289609204780068,-0.12057136436277918,0.2881475131090695,-0.016813207372151646,-0.14301508867949458,-0.145017257604448,0.028176095576425621,-0.096623203536101654,-0.066554954841456709,-0.56709193497872212,-0.36879590579547505,-0.013391944938470164,-1.3869968729757118,0.35920883421743405,0.18200835255878692,-0.13560932110977414,-0.0087185700539699675,0.10754779486829613,-0.81225425343802238,-0.19354547596059102,0.88021016558127174,0.12015063216093366,-0.65586417819302867,0.36948475974063505,0.31360007349278579,-0.12303074318754063,-0.18397779264196806,0.19363004972866113,-0.042206801360429681,-0.14972474042140424,0.029906668604050876,-0.19949474759125627,-0.050598194922510976,0.2075716392304563,0.1197266098506095,-0.12722502371791719,0.10940374044435454,0.10889748786553161,0.12229888842887789,0.37148127390069685,4.009025003920847,-0.18484347586724367,0.92574276689480306,-0.19219185275676756,0.055640132700209489,-0.095732358430680536,-0.17370534670938692,0.086496556419650469,-0.12759745902828992,-2.3233933858524551,0.041230059921964511,-0.43086580286537041,-0.10877220146505999,0.18140879559171585,-0.20495538421724072,0.26064813074548898},{-0.28568395002639474,0.4049843206812867,-0.051654287857097733,-0.22854661386620687,-0.0066721167693407947,-0.025208287934222216,0.085037043647487875,0.15541815111072815,0.34834359515201341,-0.15075377730541037,0.025500985073198645,-0.19575890126954698,-0.16760604226665426,0.19576578090431579,-0.088295997607332977,0.12845777754840285,-0.30038724422354585,-0.066655808332584179,0.45207470512200248,-0.16767011352779662,-0.056281872714144567,-0.17214160930395944,-0.15748664052142744,-0.17268183477221086,0.53766004563251268,0.0079123407183550321,0.071298794778523994,0.96009985369964312,-0.16922498434855926,-0.4689959546831749,-0.10029844622141741,-0.18264771926329931,-0.55883624719508718,0.050634830711231288,-0.32200756064611052,0.045597729581371343,-0.0048670215966146969,1.3494820539957846,-0.32651244832809928,-0.22789288560064178,0.15033029335974679,0.069720131015230905,-0.1039664537408041,-0.3386926051839575,-0.28025606990814189,0.3962212521379993,0.28809931759405538,-0.074663624658737257,-0.18078221996267785,-0.026167379380578382,-0.10606437635822492,0.051777273703676491,-0.59543701878113076,0.52572815975671627,-0.76598782999828308,0.17231509588795091,-0.040550992605294003,0.012229412620428263,0.43561954044828421,-0.95713441454783577,-0.063871745802800445,-0.15162543440515686,0.08938107679946472,-0.059996399788547108,-0.17511659045264044,0.099272053460072965,2.0173300278131849,-0.54013457766819406,0.056634014904700727,-1.4796781823225693,-0.71327151105123621,-0.091608126884466387,-0.14275556951330579,-1.5000955867250585,3.1209454076746361,0.049473392412445243,-0.019687938646296581,-0.10700785792255985,-0.747669347445441,-0.70582232096897857,0.017417605050878467,-0.022143088361894627,1.0241715164888587,-0.76027925533296847,-3.0092209456864576,-0.086096062162211967,-0.19769474857203304,0.12517287571792088,0.050870428759690584,-0.034720278743147724,0.31584309308005121,1.0151575388798322,0.17896343243628376,0.10158847832361922,-0.15574728507345842,-0.13133184892694244,-0.29014035499883584,-0.31366006169221511,0.029271618071617735,-1.5987099070505115,0.071331601024010191,-0.11135103534314847,-0.091615892632416082,-0.51363247829672698,-0.065719931013279526,-0.084503901463333933,-0.072478891544771815,2.5558579532023273,0.17613949479842683,-0.051469294119287995,0.17281229277461582,-0.10595966326029715,0.044836372416561035,-0.46771816018131768,-1.2743866314338956,0.12307806314871694,-0.041903478509317749,0.62177004944221892,-0.12137447389469729,0.010649169331006647,-0.039014459977231568,-0.16992009393012955,1.033582512315032,-0.040415488815650186,0.33783729925100925,0.020718870977018699,-0.28631994207861844,0.17108303853823617,0.035613028317870478,-0.13098760001999557,0.047671376620035219,-0.47919919268169447,0.12922640710330494,0.10189849716087174,0.067702846907143913,0.052153011836551418,-0.12573286836862702,0.10572694314671741,-0.14473360422157236,0.075766623221590015,-0.18209234024285495,0.095407370716891302,-0.073633230341290976,-1.1140982964349717,0.8213891632567123,-0.41526127087296288,-0.24856188272278265,-0.32625254704378787,0.16055854461911281,0.17234715741935364,-0.071580248164310398,0.13271052776323475,0.051398953366084341,0.53900152366202714,-0.049906739096678844,-0.40805314166689871,0.18057977908058778,0.046185755886283528,0.28163992439270585,0.71057049646592663}};

float features1[20]={1,2,2,2,2,2,2,2,2,2,2,2,2,2,2,2,2,2,2,2}; 
float arrayneuron[20];


float inputlayerfeature[160];
float layer2[160][6];
float arrayneuron2[160];

float inputlayerfeature3[6];





float bias2[6]={2,1,2,1,1,2};
for(j=0;j<160;j=j+1)
{

for(i=0;i<20;i=i+1)
{

arrayneuron[i]=layer1[i][j];

}

for(i=0;i<2;i=i+1)
{
sum=sum+features1[i]*arrayneuron[i];

}

sum=sum+bias1[0];



sum=1/(1+exp(-sum));

printf(" \ninput to %d: neuron is  %f ",j,sum);

inputlayerfeature[j]=sum;




}












///////////////////////////Second layer///////////////////////







for(j=0;j<6;j=j+1)
{

for(i=0;i<160;i=i+1)
{
arrayneuron2[i]=layer2[i][j];

}

for(i=0;i<160;i=i+1)
{
sum=sum+inputlayerfeature[i]*arrayneuron2[i];

}

sum=sum+bias2[0];



sum=1/(1+exp(-sum));

printf(" \ninput to %d: neuron is  %f ",j,sum);

inputlayerfeature3[j]=sum;




}








}
